29033
63155
0 4293 24271 289.440295
1 24271 4293 289.440295
2 7409 1430 98.199406
3 1430 7409 98.199406
4 26153 6263 288.991535
5 6263 26153 288.991535
6 9443 28626 108.034174
7 28626 9443 108.034174
8 24789 28626 191.313287
9 28626 24789 191.313287
10 9443 8642 191.258684
11 8642 9443 191.258684
12 18773 9443 105.287681
13 9443 18773 105.287681
14 18773 26358 191.239694
15 26358 18773 191.239694
16 1430 18773 103.863677
17 18773 1430 103.863677
18 1430 2349 180.381878
19 2349 1430 180.381878
20 22267 18358 100.010865
21 18358 4074 7.394854
22 4074 18358 7.394854
23 18358 22267 100.010865
24 6475 17313 119.470390
25 17313 10542 15.043750
26 10542 17313 15.043750
27 17313 6475 119.470390
28 4074 2821 13.923138
29 2821 5612 239.969058
30 5612 2821 239.969058
31 2821 4074 13.923138
32 4074 4293 117.680263
33 4293 4074 117.680263
34 1383 5612 42.161216
35 5612 1383 42.161216
36 6781 11557 110.750846
37 11557 6781 110.750846
38 6781 28152 8.149680
39 28152 11236 45.340630
40 11236 28152 45.340630
41 28152 6781 8.149680
42 11557 733 81.823131
43 733 11557 81.823131
44 1383 8507 5.272716
45 8507 26116 152.283450
46 26116 8507 152.283450
47 8507 1383 5.272716
48 1383 26738 75.247202
49 26738 1383 75.247202
50 2579 26738 155.401983
51 26738 2579 155.401983
52 26738 6475 99.883821
53 6475 26738 99.883821
54 4293 6263 161.506888
55 6263 4293 161.506888
56 733 14902 143.125574
57 14902 733 143.125574
58 733 24163 20.346205
59 24163 18570 42.685484
60 18570 24163 42.685484
61 24163 733 20.346205
62 18570 22994 94.410461
63 22994 25307 6.508123
64 25307 22086 4.314912
65 22086 25326 4.251795
66 25326 2486 6.437116
67 2486 25326 6.437116
68 25326 22086 4.251795
69 22086 25307 4.314912
70 25307 22994 6.508123
71 22994 18570 94.410461
72 13471 10759 108.890224
73 10759 13471 108.890224
74 20623 4923 294.920386
75 4923 10759 10.050560
76 10759 4923 10.050560
77 4923 20623 294.920386
78 23872 13471 280.313987
79 13471 23872 280.313987
80 23872 15635 106.007366
81 15635 23872 106.007366
82 22267 20623 108.090716
83 20623 22267 108.090716
84 15635 8807 112.132322
85 8807 15635 112.132322
86 8807 9196 182.031774
87 9196 8807 182.031774
88 19600 13471 104.427644
89 13471 19600 104.427644
90 13471 22267 304.193598
91 22267 13471 304.193598
92 5998 15635 53.051926
93 15635 5998 53.051926
94 13957 5998 108.481280
95 5998 13957 108.481280
96 5998 24643 280.072363
97 24643 5998 280.072363
98 19600 13957 118.892658
99 13957 19600 118.892658
100 12239 13957 279.255618
101 13957 12239 279.255618
102 19600 23489 103.032779
103 23489 19600 103.032779
104 8364 19600 254.694497
105 19600 8364 254.694497
106 23489 1779 101.373220
107 1779 23489 101.373220
108 18818 23489 253.563589
109 23489 18818 253.563589
110 1779 4074 98.618455
111 4074 1779 98.618455
112 16696 1779 254.254413
113 1779 16696 254.254413
114 9196 18437 93.957975
115 18437 9196 93.957975
116 18437 20867 5.494513
117 20867 21939 53.308825
118 21939 2273 17.409375
119 2273 21939 17.409375
120 21939 20867 53.308825
121 20867 18437 5.494513
122 2273 23280 73.713330
123 23280 2273 73.713330
124 12239 24643 108.937967
125 24643 12239 108.937967
126 23280 1866 243.926890
127 1866 23280 243.926890
128 24643 5680 115.182159
129 5680 24643 115.182159
130 17931 12239 247.321573
131 12239 17931 247.321573
132 4057 12239 118.713222
133 12239 4057 118.713222
134 18818 8364 103.738268
135 8364 18818 103.738268
136 4057 8364 23.471899
137 8364 4057 23.471899
138 23280 3202 38.324631
139 3202 23280 38.324631
140 19333 4057 202.869437
141 4057 19333 202.869437
142 11685 520 244.697507
143 520 11685 244.697507
144 16696 18818 100.043029
145 18818 16696 100.043029
146 5680 3202 93.763405
147 3202 5680 93.763405
148 3202 11685 38.237646
149 11685 3202 38.237646
150 5612 16696 101.267109
151 16696 5612 101.267109
152 5680 7033 134.831517
153 7033 5680 134.831517
154 25304 18607 319.914252
155 18607 7033 20.092376
156 7033 18607 20.092376
157 18607 25304 319.914252
158 239 2451 22.973433
159 2451 239 22.973433
160 19333 11254 44.974630
161 11254 16048 49.330469
162 16048 4047 38.773829
163 4047 2818 9.277020
164 2818 239 7.227216
165 239 2818 7.227216
166 2818 4047 9.277020
167 4047 16048 38.773829
168 16048 11254 49.330469
169 11254 19333 44.974630
170 10542 23137 17.324013
171 23137 239 125.866228
172 239 23137 125.866228
173 23137 10542 17.324013
174 17931 4686 89.556063
175 4686 7033 20.011479
176 7033 4686 20.011479
177 4686 17931 89.556063
178 28597 22245 25.693104
179 22245 7033 95.767982
180 7033 22245 95.767982
181 22245 28597 25.693104
182 3192 19333 98.732980
183 19333 3192 98.732980
184 28597 7445 297.090571
185 7445 28597 297.090571
186 19990 17931 77.119286
187 17931 19990 77.119286
188 28597 16230 120.190553
189 16230 28597 120.190553
190 28597 25671 14.914098
191 25671 21394 67.885562
192 21394 10419 55.583868
193 10419 21394 55.583868
194 21394 25671 67.885562
195 25671 28597 14.914098
196 5885 796 47.867309
197 796 19713 45.811529
198 19713 9871 67.535859
199 9871 17359 31.989121
200 17359 8745 18.841538
201 8745 6781 47.216087
202 6781 8745 47.216087
203 8745 17359 18.841538
204 17359 9871 31.989121
205 9871 19713 67.535859
206 19713 796 45.811529
207 796 5885 47.867309
208 10419 25118 92.830315
209 25118 3113 11.751489
210 3113 5885 38.611492
211 5885 3113 38.611492
212 3113 25118 11.751489
213 25118 10419 92.830315
214 5885 391 205.988748
215 391 11557 16.173366
216 11557 391 16.173366
217 391 5885 205.988748
218 18389 25304 115.682785
219 25304 18389 115.682785
220 28755 22795 236.581056
221 22795 28755 236.581056
222 2912 26671 240.252669
223 26671 2912 240.252669
224 26671 10149 73.364198
225 10149 26671 73.364198
226 17660 21088 138.500975
227 21088 17660 138.500975
228 10149 426 32.740644
229 426 10149 32.740644
230 426 304 128.657059
231 304 426 128.657059
232 24721 426 240.930566
233 426 24721 240.930566
234 8807 304 168.824476
235 304 8807 168.824476
236 25218 304 181.858144
237 304 25218 181.858144
238 18075 17660 48.292505
239 17660 18075 48.292505
240 18075 28755 131.040965
241 28755 18075 131.040965
242 790 7443 20.994076
243 7443 18075 39.639008
244 18075 7443 39.639008
245 7443 790 20.994076
246 20823 18075 88.958301
247 18075 20823 88.958301
248 901 790 56.363198
249 790 901 56.363198
250 7916 26371 43.441987
251 26371 20823 214.160551
252 20823 26371 214.160551
253 26371 7916 43.441987
254 901 10026 364.347434
255 10026 901 364.347434
256 2912 901 10.777878
257 901 2912 10.777878
258 24721 2912 106.450244
259 2912 24721 106.450244
260 4423 25218 94.190326
261 25218 4423 94.190326
262 9196 25218 168.128408
263 25218 9196 168.128408
264 24721 27955 363.354982
265 27955 24721 363.354982
266 9743 20823 88.420064
267 20823 9743 88.420064
268 9743 19543 257.518815
269 19543 9743 257.518815
270 1866 4423 84.861065
271 4423 1866 84.861065
272 18437 4423 167.710766
273 4423 18437 167.710766
274 13499 21492 18.987570
275 21492 6192 47.033938
276 6192 21492 47.033938
277 21492 13499 18.987570
278 16628 9743 87.881864
279 9743 16628 87.881864
280 6192 23792 20.201072
281 23792 16628 178.864612
282 16628 23792 178.864612
283 23792 6192 20.201072
284 6192 6954 124.675460
285 6954 6192 124.675460
286 520 1866 76.448714
287 1866 520 76.448714
288 22645 16628 100.146657
289 16628 22645 100.146657
290 25304 520 98.709520
291 520 25304 98.709520
292 17222 7194 52.013378
293 7194 17222 52.013378
294 10065 855 21.184660
295 855 16531 68.698570
296 16531 7194 15.486226
297 7194 16531 15.486226
298 16531 855 68.698570
299 855 10065 21.184660
300 8303 8436 13.872235
301 8436 9556 44.949074
302 9556 8436 44.949074
303 8436 8303 13.872235
304 2373 17222 64.323399
305 17222 2373 64.323399
306 230 2373 43.860566
307 2373 230 43.860566
308 1250 16985 119.205029
309 16985 7779 45.868934
310 7779 16985 45.868934
311 16985 1250 119.205029
312 230 7779 22.316194
313 7779 230 22.316194
314 24782 230 72.773058
315 230 24782 72.773058
316 17559 10095 117.049976
317 10095 24782 47.756102
318 24782 10095 47.756102
319 10095 17559 117.049976
320 24782 1311 95.077996
321 1311 24782 95.077996
322 17559 1250 95.796726
323 1250 17559 95.796726
324 22015 20796 29.009377
325 20796 13251 174.427100
326 13251 434 8.017011
327 434 23377 8.089747
328 23377 15477 10.063553
329 15477 25086 8.019259
330 25086 1887 8.083060
331 1887 23445 8.026560
332 23445 8893 14.052634
333 8893 26777 11.088218
334 26777 8893 11.088218
335 8893 23445 14.052634
336 23445 1887 8.026560
337 1887 25086 8.083060
338 25086 15477 8.019259
339 15477 23377 10.063553
340 23377 434 8.089747
341 434 13251 8.017011
342 13251 20796 174.427100
343 20796 22015 29.009377
344 18012 22015 88.722811
345 22015 18012 88.722811
346 8318 10306 73.843112
347 10306 22015 11.459126
348 22015 10306 11.459126
349 10306 8318 73.843112
350 8318 23178 140.741844
351 23178 8318 140.741844
352 24967 14929 98.350619
353 14929 16993 186.349338
354 16993 18643 65.612588
355 18643 14565 157.932870
356 14565 18643 157.932870
357 18643 16993 65.612588
358 16993 14929 186.349338
359 14929 24967 98.350619
360 28509 11871 100.894308
361 11871 28509 100.894308
362 11871 22786 1.692857
363 22786 4392 85.912731
364 4392 21742 100.899265
365 21742 4392 100.899265
366 4392 22786 85.912731
367 22786 11871 1.692857
368 511 21592 131.518228
369 21592 1118 3.157071
370 1118 21592 3.157071
371 21592 511 131.518228
372 1118 28237 30.694498
373 28237 24967 220.966238
374 24967 28237 220.966238
375 28237 1118 30.694498
376 21742 10516 36.287512
377 10516 1126 41.488531
378 1126 4672 48.217709
379 4672 14068 25.252645
380 14068 5328 6.251028
381 5328 5713 22.805910
382 5713 28981 4.137935
383 28981 5200 4.160739
384 5200 6149 6.228642
385 6149 10868 6.239484
386 10868 20839 4.170475
387 20839 10868 4.170475
388 10868 6149 6.239484
389 6149 5200 6.228642
390 5200 28981 4.160739
391 28981 5713 4.137935
392 5713 5328 22.805910
393 5328 14068 6.251028
394 14068 4672 25.252645
395 4672 1126 48.217709
396 1126 10516 41.488531
397 10516 21742 36.287512
398 21742 22228 66.942120
399 22228 4456 36.277205
400 4456 4991 50.933677
401 4991 4456 50.933677
402 4456 22228 36.277205
403 22228 21742 66.942120
404 24967 7631 49.859604
405 7631 27320 36.991571
406 27320 9134 11.327428
407 9134 8453 8.984881
408 8453 9134 8.984881
409 9134 27320 11.327428
410 27320 7631 36.991571
411 7631 24967 49.859604
412 511 2293 5.567831
413 2293 8453 142.673530
414 8453 2293 142.673530
415 2293 511 5.567831
416 511 20228 94.153723
417 20228 511 94.153723
418 4991 7644 15.507161
419 7644 4991 15.507161
420 7644 12028 5.845760
421 12028 15960 5.049208
422 15960 12028 5.049208
423 12028 7644 5.845760
424 15960 22117 5.220327
425 22117 14038 17.731729
426 14038 22117 17.731729
427 22117 15960 5.220327
428 8453 3495 39.778808
429 3495 8453 39.778808
430 14038 22597 23.890125
431 22597 3495 23.413082
432 3495 22597 23.413082
433 22597 14038 23.890125
434 23336 11938 174.115641
435 11938 23336 174.115641
436 17520 6239 77.549866
437 6239 17520 77.549866
438 6088 28509 141.923252
439 28509 6088 141.923252
440 16623 17763 146.374352
441 17763 26766 4.135756
442 26766 6810 4.032042
443 6810 28509 139.119714
444 28509 6810 139.119714
445 6810 26766 4.032042
446 26766 17763 4.135756
447 17763 16623 146.374352
448 20433 22750 82.147506
449 22750 6945 2.991448
450 6945 22750 2.991448
451 22750 20433 82.147506
452 17520 20433 122.151839
453 20433 17520 122.151839
454 6945 13900 124.579540
455 13900 6945 124.579540
456 18177 17520 10.449282
457 17520 18177 10.449282
458 12130 18177 75.292219
459 18177 12130 75.292219
460 23336 18177 95.194935
461 18177 23336 95.194935
462 21832 23336 186.553861
463 23336 21832 186.553861
464 12130 15162 115.917030
465 15162 6945 6.451100
466 6945 15162 6.451100
467 15162 12130 115.917030
468 6945 1373 77.678343
469 1373 6945 77.678343
470 21663 12130 95.478703
471 12130 21663 95.478703
472 12293 14374 75.666879
473 14374 6088 205.563242
474 6088 14374 205.563242
475 14374 12293 75.666879
476 16623 26488 81.181484
477 26488 16623 81.181484
478 1373 16623 31.479093
479 16623 1373 31.479093
480 21663 17072 76.300571
481 17072 1373 58.615940
482 1373 17072 58.615940
483 17072 21663 76.300571
484 21832 21663 96.323963
485 21663 21832 96.323963
486 6126 21663 82.022898
487 21663 6126 82.022898
488 6126 26488 168.855060
489 26488 6126 168.855060
490 26488 12293 35.903902
491 12293 26488 35.903902
492 4634 21832 14.681460
493 21832 4634 14.681460
494 12505 20469 113.363312
495 20469 12505 113.363312
496 4634 27704 101.806382
497 27704 4634 101.806382
498 25440 9382 8.461092
499 9382 6126 39.206047
500 6126 9382 39.206047
501 9382 25440 8.461092
502 9007 2968 84.025924
503 2968 9007 84.025924
504 24616 25440 12.282437
505 25440 24616 12.282437
506 9323 24616 78.385828
507 24616 9323 78.385828
508 9007 16914 70.700518
509 16914 20469 61.318345
510 20469 16914 61.318345
511 16914 9007 70.700518
512 9323 9007 102.541713
513 9007 9323 102.541713
514 10408 9323 92.613965
515 9323 10408 92.613965
516 26951 10408 88.271134
517 10408 26951 88.271134
518 14073 26951 81.684074
519 26951 14073 81.684074
520 20321 16759 184.997295
521 16759 20321 184.997295
522 20321 17191 33.484317
523 17191 20321 33.484317
524 6739 20321 23.995514
525 20321 6739 23.995514
526 6739 5294 97.442684
527 5294 6739 97.442684
528 8440 6739 63.571347
529 6739 8440 63.571347
530 8440 23439 94.280698
531 23439 8440 94.280698
532 6720 5294 138.694155
533 5294 6720 138.694155
534 5294 10242 130.371763
535 10242 5294 130.371763
536 18931 8440 96.243657
537 8440 18931 96.243657
538 6720 18931 95.773675
539 18931 6720 95.773675
540 182 18931 93.719135
541 18931 182 93.719135
542 14483 6720 128.183556
543 6720 14483 128.183556
544 7567 182 79.375375
545 182 7567 79.375375
546 15095 182 223.527181
547 182 15095 223.527181
548 12867 17749 89.421574
549 17749 12867 89.421574
550 7567 12867 88.969139
551 12867 7567 88.969139
552 4622 456 10.316485
553 456 12867 237.237651
554 12867 456 237.237651
555 456 4622 10.316485
556 9210 7567 15.070384
557 7567 9210 15.070384
558 8788 9210 314.959378
559 9210 8788 314.959378
560 12541 9210 97.541222
561 9210 12541 97.541222
562 172 12541 257.360397
563 12541 172 257.360397
564 17279 12541 95.639072
565 12541 17279 95.639072
566 21798 17279 257.262560
567 17279 21798 257.262560
568 21567 17279 38.454211
569 17279 21567 38.454211
570 1048 9511 257.274890
571 9511 1048 257.274890
572 6662 20092 29.790861
573 20092 17511 7.313980
574 17511 10340 3.632264
575 10340 15122 3.692549
576 15122 12622 3.699864
577 12622 10318 3.648355
578 10318 1576 7.461580
579 1576 27059 9.100981
580 27059 22616 1.791149
581 22616 16997 4.558652
582 16997 9333 3.832663
583 9333 11291 4.538841
584 11291 19540 15.736755
585 19540 14520 14.970188
586 14520 19540 14.970188
587 19540 11291 15.736755
588 11291 9333 4.538841
589 9333 16997 3.832663
590 16997 22616 4.558652
591 22616 27059 1.791149
592 27059 1576 9.100981
593 1576 10318 7.461580
594 10318 12622 3.648355
595 12622 15122 3.699864
596 15122 10340 3.692549
597 10340 17511 3.632264
598 17511 20092 7.313980
599 20092 6662 29.790861
600 3660 6662 87.197480
601 6662 3660 87.197480
602 9462 16974 128.822575
603 16974 9458 1.470661
604 9458 23519 27.386817
605 23519 9458 27.386817
606 9458 16974 1.470661
607 16974 9462 128.822575
608 5762 23519 32.555705
609 23519 5762 32.555705
610 3660 8876 6.975956
611 8876 8258 38.954464
612 8258 8876 38.954464
613 8876 3660 6.975956
614 9639 3660 79.457192
615 3660 9639 79.457192
616 28803 9639 46.422583
617 9639 28803 46.422583
618 26975 9639 71.799018
619 9639 26975 71.799018
620 28803 15426 88.528289
621 15426 27562 103.140349
622 27562 5725 0.328850
623 5725 27562 0.328850
624 27562 15426 103.140349
625 15426 28803 88.528289
626 28653 9058 1.893862
627 9058 8627 5.806316
628 8627 5302 2.329191
629 5302 28366 7.982653
630 28366 22553 0.484054
631 22553 9462 11.420920
632 9462 22553 11.420920
633 22553 28366 0.484054
634 28366 5302 7.982653
635 5302 8627 2.329191
636 8627 9058 5.806316
637 9058 28653 1.893862
638 24143 15061 31.237404
639 15061 9615 1.898615
640 9615 12107 11.936383
641 12107 17288 3.576004
642 17288 6114 3.364354
643 6114 25465 1.039914
644 25465 11495 3.260978
645 11495 2303 3.280265
646 2303 19950 1.411247
647 19950 15143 3.244354
648 15143 13789 3.371044
649 13789 19971 1.458354
650 19971 25606 2.071144
651 25606 5762 53.869154
652 5762 25606 53.869154
653 25606 19971 2.071144
654 19971 13789 1.458354
655 13789 15143 3.371044
656 15143 19950 3.244354
657 19950 2303 1.411247
658 2303 11495 3.280265
659 11495 25465 3.260978
660 25465 6114 1.039914
661 6114 17288 3.364354
662 17288 12107 3.576004
663 12107 9615 11.936383
664 9615 15061 1.898615
665 15061 24143 31.237404
666 28653 5762 147.485331
667 5762 28653 147.485331
668 14520 23586 5.769727
669 23586 25006 5.732118
670 25006 17584 4.207049
671 17584 16507 5.739974
672 16507 3992 0.697596
673 3992 837 5.709277
674 837 28653 2.751354
675 28653 837 2.751354
676 837 3992 5.709277
677 3992 16507 0.697596
678 16507 17584 5.739974
679 17584 25006 4.207049
680 25006 23586 5.732118
681 23586 14520 5.769727
682 8258 26975 75.943338
683 26975 8258 75.943338
684 207 21174 0.735330
685 21174 3045 4.750332
686 3045 2268 4.802219
687 2268 25582 4.834948
688 25582 14624 4.691154
689 14624 19482 4.784358
690 19482 28464 73.579461
691 28464 11385 3.269258
692 11385 11739 5.192633
693 11739 6029 5.173507
694 6029 18651 5.055451
695 18651 22173 5.163045
696 22173 19228 5.164790
697 19228 28881 5.152562
698 28881 18469 5.132409
699 18469 27380 5.196103
700 27380 18243 5.143809
701 18243 8524 5.105120
702 8524 4175 30.776449
703 4175 8258 10.267451
704 8258 4175 10.267451
705 4175 8524 30.776449
706 8524 18243 5.105120
707 18243 27380 5.143809
708 27380 18469 5.196103
709 18469 28881 5.132409
710 28881 19228 5.152562
711 19228 22173 5.164790
712 22173 18651 5.163045
713 18651 6029 5.055451
714 6029 11739 5.173507
715 11739 11385 5.192633
716 11385 28464 3.269258
717 28464 19482 73.579461
718 19482 14624 4.784358
719 14624 25582 4.691154
720 25582 2268 4.834948
721 2268 3045 4.802219
722 3045 21174 4.750332
723 21174 207 0.735330
724 14520 14915 10.349627
725 14915 24555 1.048544
726 24555 10002 24.270912
727 10002 5339 2.438815
728 5339 12193 6.175607
729 12193 3417 6.282665
730 3417 7369 5.932981
731 7369 16100 2.764425
732 16100 7369 2.764425
733 7369 3417 5.932981
734 3417 12193 6.282665
735 12193 5339 6.175607
736 5339 10002 2.438815
737 10002 24555 24.270912
738 24555 14915 1.048544
739 14915 14520 10.349627
740 22218 12383 26.022105
741 12383 26975 1.497982
742 26975 12383 1.497982
743 12383 22218 26.022105
744 24143 8137 0.164425
745 8137 23962 6.188726
746 23962 12117 5.441775
747 12117 1940 6.187270
748 1940 15736 6.255352
749 15736 5952 6.227919
750 5952 11533 6.223576
751 11533 23947 1.401635
752 23947 19776 0.268505
753 19776 16100 3.462044
754 16100 19776 3.462044
755 19776 23947 0.268505
756 23947 11533 1.401635
757 11533 5952 6.223576
758 5952 15736 6.227919
759 15736 1940 6.255352
760 1940 12117 6.187270
761 12117 23962 5.441775
762 23962 8137 6.188726
763 8137 24143 0.164425
764 207 14704 12.542358
765 14704 24199 19.830527
766 24199 16100 34.446123
767 16100 24199 34.446123
768 24199 14704 19.830527
769 14704 207 12.542358
770 152 5472 9.941926
771 5472 10507 4.955530
772 10507 14998 5.900997
773 14998 20078 6.242372
774 20078 9770 5.988918
775 9770 24143 6.029409
776 24143 9770 6.029409
777 9770 20078 5.988918
778 20078 14998 6.242372
779 14998 10507 5.900997
780 10507 5472 4.955530
781 5472 152 9.941926
782 25893 26440 4.222017
783 26440 17148 16.017715
784 17148 8316 17.955464
785 8316 15298 15.930270
786 15298 515 46.555176
787 515 10480 35.875276
788 10480 20055 1.786111
789 20055 13341 2.448035
790 13341 9702 2.482761
791 9702 632 2.464545
792 632 13348 2.543718
793 13348 13540 2.466373
794 13540 24178 2.423989
795 24178 12721 2.557850
796 12721 9851 9.931043
797 9851 26437 2.047073
798 26437 8582 3.108166
799 8582 19616 3.259596
800 19616 8105 3.182658
801 8105 15906 3.093635
802 15906 22433 3.089262
803 22433 9415 3.189729
804 9415 8814 3.139898
805 8814 14529 3.111064
806 14529 3624 3.111064
807 3624 9566 3.118297
808 9566 22853 3.148496
809 22853 3715 3.076107
810 3715 23298 0.958753
811 23298 15449 2.286235
812 15449 3230 3.157071
813 3230 5008 3.244354
814 5008 14406 3.145633
815 14406 25672 3.244354
816 25672 23138 3.121186
817 23138 3259 3.241575
818 3259 10647 3.154215
819 10647 15708 3.236010
820 15708 14466 3.172732
821 14466 27177 4.137935
822 27177 14882 4.272938
823 14882 7886 4.196325
824 7886 24783 4.213470
825 24783 15889 4.180187
826 15889 28454 4.254973
827 28454 26001 4.141200
828 26001 27977 4.287675
829 27977 11842 13.840041
830 11842 27977 13.840041
831 27977 26001 4.287675
832 26001 28454 4.141200
833 28454 15889 4.254973
834 15889 24783 4.180187
835 24783 7886 4.213470
836 7886 14882 4.196325
837 14882 27177 4.272938
838 27177 14466 4.137935
839 14466 15708 3.172732
840 15708 10647 3.236010
841 10647 3259 3.154215
842 3259 23138 3.241575
843 23138 25672 3.121186
844 25672 14406 3.244354
845 14406 5008 3.145633
846 5008 3230 3.244354
847 3230 15449 3.157071
848 15449 23298 2.286235
849 23298 3715 0.958753
850 3715 22853 3.076107
851 22853 9566 3.148496
852 9566 3624 3.118297
853 3624 14529 3.111064
854 14529 8814 3.111064
855 8814 9415 3.139898
856 9415 22433 3.189729
857 22433 15906 3.089262
858 15906 8105 3.093635
859 8105 19616 3.182658
860 19616 8582 3.259596
861 8582 26437 3.108166
862 26437 9851 2.047073
863 9851 12721 9.931043
864 12721 24178 2.557850
865 24178 13540 2.423989
866 13540 13348 2.466373
867 13348 632 2.543718
868 632 9702 2.464545
869 9702 13341 2.482761
870 13341 20055 2.448035
871 20055 10480 1.786111
872 10480 515 35.875276
873 515 15298 46.555176
874 15298 8316 15.930270
875 8316 17148 17.955464
876 17148 26440 16.017715
877 26440 25893 4.222017
878 11842 23443 1.115184
879 23443 5851 3.686443
880 5851 3240 3.627298
881 3240 11549 2.902770
882 11549 19610 2.336916
883 19610 22621 2.938256
884 22621 6648 2.811296
885 6648 483 1.813649
886 483 27013 2.305859
887 27013 12514 36.278447
888 12514 207 14.804934
889 207 12514 14.804934
890 12514 27013 36.278447
891 27013 483 2.305859
892 483 6648 1.813649
893 6648 22621 2.811296
894 22621 19610 2.938256
895 19610 11549 2.336916
896 11549 3240 2.902770
897 3240 5851 3.627298
898 5851 23443 3.686443
899 23443 11842 1.115184
900 207 16118 7.117273
901 16118 11365 2.525942
902 11365 24972 3.946196
903 24972 3648 2.725025
904 3648 3603 3.980304
905 3603 11401 4.045431
906 11401 13858 4.058774
907 13858 10593 84.235392
908 10593 13858 84.235392
909 13858 11401 4.058774
910 11401 3603 4.045431
911 3603 3648 3.980304
912 3648 24972 2.725025
913 24972 11365 3.946196
914 11365 16118 2.525942
915 16118 207 7.117273
916 5725 27581 53.890897
917 27581 5725 53.890897
918 5725 26569 25.168999
919 26569 5725 25.168999
920 25893 18652 26.621935
921 18652 12162 11.573765
922 12162 2256 12.026266
923 2256 27187 16.063503
924 27187 21322 15.953730
925 21322 11673 9.543254
926 11673 19487 3.013957
927 19487 11633 2.004815
928 11633 5956 3.033330
929 5956 20185 2.995963
930 20185 22727 2.525942
931 22727 23071 0.232532
932 23071 6657 3.659453
933 6657 21189 3.665605
934 21189 15244 3.707164
935 15244 11842 2.446194
936 11842 15244 2.446194
937 15244 21189 3.707164
938 21189 6657 3.665605
939 6657 23071 3.659453
940 23071 22727 0.232532
941 22727 20185 2.525942
942 20185 5956 2.995963
943 5956 11633 3.033330
944 11633 19487 2.004815
945 19487 11673 3.013957
946 11673 21322 9.543254
947 21322 27187 15.953730
948 27187 2256 16.063503
949 2256 12162 12.026266
950 12162 18652 11.573765
951 18652 25893 26.621935
952 7465 16149 74.847328
953 16149 4019 72.127242
954 4019 12498 49.957021
955 12498 9076 22.108061
956 9076 12498 22.108061
957 12498 4019 49.957021
958 4019 16149 72.127242
959 16149 7465 74.847328
960 26777 26569 133.853677
961 26569 26777 133.853677
962 27581 4611 45.813988
963 4611 27581 45.813988
964 25893 2468 11.703076
965 2468 931 35.910427
966 931 14404 35.367399
967 14404 16834 11.450866
968 16834 14404 11.450866
969 14404 931 35.367399
970 931 2468 35.910427
971 2468 25893 11.703076
972 4611 7465 33.201879
973 7465 4611 33.201879
974 16834 18551 15.454770
975 18551 25199 13.865737
976 25199 14705 4.524921
977 14705 12016 11.338561
978 12016 15815 13.584385
979 15815 20010 12.016146
980 20010 10593 97.850147
981 10593 20010 97.850147
982 20010 15815 12.016146
983 15815 12016 13.584385
984 12016 14705 11.338561
985 14705 25199 4.524921
986 25199 18551 13.865737
987 18551 16834 15.454770
988 7465 14565 119.497505
989 14565 7465 119.497505
990 8473 26003 146.755971
991 26003 16834 24.043164
992 16834 26003 24.043164
993 26003 8473 146.755971
994 23046 21887 101.328361
995 21887 23046 101.328361
996 26777 16834 55.927979
997 16834 26777 55.927979
998 16834 3900 48.041891
999 3900 2345 28.310375
1000 2345 19272 30.833642
1001 19272 2345 30.833642
1002 2345 3900 28.310375
1003 3900 16834 48.041891
1004 20352 13412 219.629113
1005 13412 20352 219.629113
1006 8674 17691 117.363028
1007 17691 8674 117.363028
1008 25949 1394 122.127453
1009 1394 25949 122.127453
1010 18202 20352 66.940235
1011 20352 18202 66.940235
1012 8674 25949 83.746231
1013 25949 8674 83.746231
1014 6847 8674 96.871031
1015 8674 6847 96.871031
1016 681 2433 181.611147
1017 2433 681 181.611147
1018 211 8734 101.586483
1019 8734 211 101.586483
1020 20352 6603 68.175468
1021 6603 19154 126.242096
1022 19154 6603 126.242096
1023 6603 20352 68.175468
1024 25949 9347 12.369441
1025 9347 681 92.309190
1026 681 9347 92.309190
1027 9347 25949 12.369441
1028 8734 6847 47.825307
1029 6847 8734 47.825307
1030 6847 18422 189.643494
1031 18422 6847 189.643494
1032 19154 8734 87.692876
1033 8734 19154 87.692876
1034 681 23336 91.818385
1035 23336 681 91.818385
1036 681 18422 97.690226
1037 18422 681 97.690226
1038 13262 19154 153.888951
1039 19154 13262 153.888951
1040 19154 18952 192.087542
1041 18952 19154 192.087542
1042 18952 18422 103.922011
1043 18422 18952 103.922011
1044 13262 22598 129.652164
1045 22598 28311 55.150669
1046 28311 5111 6.865271
1047 5111 28311 6.865271
1048 28311 22598 55.150669
1049 22598 13262 129.652164
1050 18952 4634 78.081319
1051 4634 18952 78.081319
1052 5111 5635 24.239517
1053 5635 26385 9.808233
1054 26385 18952 111.256953
1055 18952 26385 111.256953
1056 26385 5635 9.808233
1057 5635 5111 24.239517
1058 511 6564 104.081059
1059 6564 10311 145.767427
1060 10311 14945 44.781956
1061 14945 10311 44.781956
1062 10311 6564 145.767427
1063 6564 511 104.081059
1064 8453 19454 10.578283
1065 19454 12996 203.364138
1066 12996 25348 46.196458
1067 25348 12996 46.196458
1068 12996 19454 203.364138
1069 19454 8453 10.578283
1070 3495 27055 14.237078
1071 27055 9409 44.600575
1072 9409 27055 44.600575
1073 27055 3495 14.237078
1074 9409 27827 163.550414
1075 27827 3161 45.001572
1076 3161 27827 45.001572
1077 27827 9409 163.550414
1078 9409 21934 90.991043
1079 21934 7662 4.345091
1080 7662 16378 4.159656
1081 16378 6487 2.230367
1082 6487 5540 3.737427
1083 5540 12226 82.309542
1084 12226 16281 44.645510
1085 16281 12226 44.645510
1086 12226 5540 82.309542
1087 5540 6487 3.737427
1088 6487 16378 2.230367
1089 16378 7662 4.159656
1090 7662 21934 4.345091
1091 21934 9409 90.991043
1092 699 16244 76.758408
1093 16244 699 76.758408
1094 10295 23831 46.581495
1095 23831 16244 109.920604
1096 16244 23831 109.920604
1097 23831 10295 46.581495
1098 14262 16244 77.308186
1099 16244 14262 77.308186
1100 4600 27287 44.428495
1101 27287 14262 42.025267
1102 14262 27287 42.025267
1103 27287 4600 44.428495
1104 14945 14262 32.192017
1105 14262 14945 32.192017
1106 16618 14945 53.907450
1107 14945 16618 53.907450
1108 25348 16618 40.374699
1109 16618 25348 40.374699
1110 19492 16618 102.949040
1111 16618 19492 102.949040
1112 24227 25348 39.766006
1113 25348 24227 39.766006
1114 24227 9907 102.016178
1115 9907 24227 102.016178
1116 3161 24227 54.706794
1117 24227 3161 54.706794
1118 15130 3161 25.695033
1119 3161 15130 25.695033
1120 15130 5761 102.424143
1121 5761 15130 102.424143
1122 16281 15130 65.477779
1123 15130 16281 65.477779
1124 13656 9865 9.191138
1125 9865 27251 6.882314
1126 27251 27557 9.146417
1127 27557 7681 6.815207
1128 7681 10295 290.700017
1129 10295 7681 290.700017
1130 7681 27557 6.815207
1131 27557 27251 9.146417
1132 27251 9865 6.882314
1133 9865 13656 9.191138
1134 10295 17496 175.287197
1135 17496 10295 175.287197
1136 1387 7112 78.146618
1137 7112 1387 78.146618
1138 14565 7778 20.882172
1139 7778 14565 20.882172
1140 9076 7778 89.196300
1141 7778 9076 89.196300
1142 7778 17596 73.864405
1143 17596 7778 73.864405
1144 7655 23307 66.937206
1145 23307 23809 13.686496
1146 23809 7112 13.815602
1147 7112 23809 13.815602
1148 23809 23307 13.686496
1149 23307 7655 66.937206
1150 9076 3545 122.185697
1151 3545 1039 65.626459
1152 1039 14903 100.205041
1153 14903 13245 56.665933
1154 13245 3398 8.075252
1155 3398 13245 8.075252
1156 13245 14903 56.665933
1157 14903 1039 100.205041
1158 1039 3545 65.626459
1159 3545 9076 122.185697
1160 9076 6483 36.512684
1161 6483 9076 36.512684
1162 15717 1143 133.597997
1163 1143 15717 133.597997
1164 12377 1143 125.318129
1165 1143 12377 125.318129
1166 7655 12377 78.841443
1167 12377 7655 78.841443
1168 17596 15729 94.509442
1169 15729 7114 6.908453
1170 7114 20228 73.176632
1171 20228 7114 73.176632
1172 7114 15729 6.908453
1173 15729 17596 94.509442
1174 1118 27305 3.489269
1175 27305 11260 6.747432
1176 11260 26559 4.788124
1177 26559 10702 2.422129
1178 10702 6686 4.700749
1179 6686 21792 4.799403
1180 21792 16708 2.333057
1181 16708 17596 76.542490
1182 17596 16708 76.542490
1183 16708 21792 2.333057
1184 21792 6686 4.799403
1185 6686 10702 4.700749
1186 10702 26559 2.422129
1187 26559 11260 4.788124
1188 11260 27305 6.747432
1189 27305 1118 3.489269
1190 24020 7655 90.378742
1191 7655 24020 90.378742
1192 19690 15717 75.269474
1193 15717 19690 75.269474
1194 4303 16692 70.678718
1195 16692 17625 7.313980
1196 17625 5711 9.156265
1197 5711 15152 1.729720
1198 15152 12466 7.281874
1199 12466 17017 7.282493
1200 17017 13977 7.312748
1201 13977 1267 7.299179
1202 1267 2017 10.971381
1203 2017 22717 7.251490
1204 22717 14519 10.993126
1205 14519 14606 7.284349
1206 14606 12413 7.289296
1207 12413 20865 7.284349
1208 20865 23744 10.976308
1209 23744 1488 10.906711
1210 1488 15961 7.374108
1211 15961 17025 7.253354
1212 17025 10582 7.291768
1213 10582 16487 7.347172
1214 16487 616 7.338581
1215 616 2378 3.679102
1216 2378 15717 50.081336
1217 15717 2378 50.081336
1218 2378 616 3.679102
1219 616 16487 7.338581
1220 16487 10582 7.347172
1221 10582 17025 7.291768
1222 17025 15961 7.253354
1223 15961 1488 7.374108
1224 1488 23744 10.906711
1225 23744 20865 10.976308
1226 20865 12413 7.284349
1227 12413 14606 7.289296
1228 14606 14519 7.284349
1229 14519 22717 10.993126
1230 22717 2017 7.251490
1231 2017 1267 10.971381
1232 1267 13977 7.299179
1233 13977 17017 7.312748
1234 17017 12466 7.282493
1235 12466 15152 7.281874
1236 15152 5711 1.729720
1237 5711 17625 9.156265
1238 17625 16692 7.313980
1239 16692 4303 70.678718
1240 24020 19690 123.860414
1241 19690 24020 123.860414
1242 15480 15232 19.305746
1243 15232 17788 6.166845
1244 17788 18339 6.230812
1245 18339 28888 6.255352
1246 28888 20231 6.205450
1247 20231 28494 6.219231
1248 28494 11944 6.211982
1249 11944 9476 6.216332
1250 9476 5624 6.219231
1251 5624 16140 6.248865
1252 16140 16575 6.217057
1253 16575 27094 8.390502
1254 27094 12836 6.219231
1255 12836 10978 6.248144
1256 10978 14011 6.252470
1257 14011 2999 145.323725
1258 2999 26269 6.238040
1259 26269 17372 6.277642
1260 17372 134 6.276924
1261 134 8798 4.137935
1262 8798 25768 4.185573
1263 25768 18081 6.217782
1264 18081 17038 6.365316
1265 17038 10023 6.226472
1266 10023 19690 46.275591
1267 19690 10023 46.275591
1268 10023 17038 6.226472
1269 17038 18081 6.365316
1270 18081 25768 6.217782
1271 25768 8798 4.185573
1272 8798 134 4.137935
1273 134 17372 6.276924
1274 17372 26269 6.277642
1275 26269 2999 6.238040
1276 2999 14011 145.323725
1277 14011 10978 6.252470
1278 10978 12836 6.248144
1279 12836 27094 6.219231
1280 27094 16575 8.390502
1281 16575 16140 6.217057
1282 16140 5624 6.248865
1283 5624 9476 6.219231
1284 9476 11944 6.216332
1285 11944 28494 6.211982
1286 28494 20231 6.219231
1287 20231 28888 6.205450
1288 28888 18339 6.255352
1289 18339 17788 6.230812
1290 17788 15232 6.166845
1291 15232 15480 19.305746
1292 15480 24020 109.577124
1293 24020 15480 109.577124
1294 15480 18747 52.150938
1295 18747 12981 7.900382
1296 12981 1660 5.185686
1297 1660 25506 5.241002
1298 25506 8909 5.268442
1299 8909 12950 7.855769
1300 12950 5473 7.890109
1301 5473 710 7.815515
1302 710 9996 7.895247
1303 9996 8940 5.204767
1304 8940 21528 7.828189
1305 21528 20779 6.582472
1306 20779 7511 7.673551
1307 7511 16901 11.675322
1308 16901 23967 11.634341
1309 23967 22177 11.657556
1310 22177 20337 11.593992
1311 20337 4580 50.333344
1312 4580 5346 8.376528
1313 5346 4580 8.376528
1314 4580 20337 50.333344
1315 20337 22177 11.593992
1316 22177 23967 11.657556
1317 23967 16901 11.634341
1318 16901 7511 11.675322
1319 7511 20779 7.673551
1320 20779 21528 6.582472
1321 21528 8940 7.828189
1322 8940 9996 5.204767
1323 9996 710 7.895247
1324 710 5473 7.815515
1325 5473 12950 7.890109
1326 12950 8909 7.855769
1327 8909 25506 5.268442
1328 25506 1660 5.241002
1329 1660 12981 5.185686
1330 12981 18747 7.900382
1331 18747 15480 52.150938
1332 13296 4637 22.888545
1333 4637 24920 21.073339
1334 24920 14429 25.995078
1335 14429 10616 3.557053
1336 10616 19180 3.661915
1337 19180 6419 3.606118
1338 6419 9027 3.604869
1339 9027 1784 3.579782
1340 1784 28538 3.558320
1341 28538 8896 3.644648
1342 8896 16706 3.518845
1343 16706 13794 3.626056
1344 13794 19546 3.609865
1345 19546 7100 3.597361
1346 7100 27876 3.584814
1347 27876 21918 3.577264
1348 21918 2928 3.567173
1349 2928 10338 3.677877
1350 10338 17259 3.562117
1351 17259 15116 3.224852
1352 15116 17259 3.224852
1353 17259 10338 3.562117
1354 10338 2928 3.677877
1355 2928 21918 3.567173
1356 21918 27876 3.577264
1357 27876 7100 3.584814
1358 7100 19546 3.597361
1359 19546 13794 3.609865
1360 13794 16706 3.626056
1361 16706 8896 3.518845
1362 8896 28538 3.644648
1363 28538 1784 3.558320
1364 1784 9027 3.579782
1365 9027 6419 3.604869
1366 6419 19180 3.606118
1367 19180 10616 3.661915
1368 10616 14429 3.557053
1369 14429 24920 25.995078
1370 24920 4637 21.073339
1371 4637 13296 22.888545
1372 20228 13170 60.543483
1373 13170 11089 19.958946
1374 11089 7084 21.739966
1375 7084 699 93.335352
1376 699 7084 93.335352
1377 7084 11089 21.739966
1378 11089 13170 19.958946
1379 13170 20228 60.543483
1380 5346 3615 7.850605
1381 3615 7370 9.293035
1382 7370 16840 9.212684
1383 16840 221 9.316763
1384 221 13043 9.212684
1385 13043 21011 9.243933
1386 21011 19593 9.234667
1387 19593 26852 11.573765
1388 26852 4303 60.551074
1389 4303 26852 60.551074
1390 26852 19593 11.573765
1391 19593 21011 9.234667
1392 21011 13043 9.243933
1393 13043 221 9.212684
1394 221 16840 9.316763
1395 16840 7370 9.212684
1396 7370 3615 9.293035
1397 3615 5346 7.850605
1398 21468 11048 45.823428
1399 11048 21468 45.823428
1400 13296 21513 16.826054
1401 21513 1346 48.611023
1402 1346 11048 10.462211
1403 11048 1346 10.462211
1404 1346 21513 48.611023
1405 21513 13296 16.826054
1406 5160 365 66.640021
1407 365 5160 66.640021
1408 13203 2134 19.500353
1409 2134 28787 14.314723
1410 28787 13296 12.004891
1411 13296 28787 12.004891
1412 28787 2134 14.314723
1413 2134 13203 19.500353
1414 22815 13296 47.310756
1415 13296 22815 47.310756
1416 3398 12053 2.977861
1417 12053 699 94.792981
1418 699 12053 94.792981
1419 12053 3398 2.977861
1420 21468 22815 74.807343
1421 22815 21468 74.807343
1422 22789 7503 124.426994
1423 7503 22789 124.426994
1424 22789 2357 147.799861
1425 2357 22789 147.799861
1426 2357 17739 95.028743
1427 17739 17415 10.291997
1428 17415 2051 10.998863
1429 2051 27413 80.929102
1430 27413 2051 80.929102
1431 2051 17415 10.998863
1432 17415 17739 10.291997
1433 17739 2357 95.028743
1434 28894 2357 122.091106
1435 2357 28894 122.091106
1436 2357 8742 79.673638
1437 8742 2357 79.673638
1438 23676 16823 235.426757
1439 16823 19325 72.703306
1440 19325 16823 72.703306
1441 16823 23676 235.426757
1442 4465 27189 477.072703
1443 27189 4465 477.072703
1444 17496 27592 26.624982
1445 27592 17496 26.624982
1446 78 2512 45.222812
1447 2512 12292 25.444624
1448 12292 2512 25.444624
1449 2512 78 45.222812
1450 1005 7503 94.443053
1451 7503 1005 94.443053
1452 22511 9451 41.225849
1453 9451 9086 33.583213
1454 9086 9451 33.583213
1455 9451 22511 41.225849
1456 9086 4651 38.542812
1457 4651 9086 38.542812
1458 9086 20633 74.809030
1459 20633 9086 74.809030
1460 7503 1661 111.722904
1461 1661 28894 36.693153
1462 28894 1661 36.693153
1463 1661 7503 111.722904
1464 20633 26432 10.449282
1465 26432 20633 10.449282
1466 20633 5031 37.649341
1467 5031 20633 37.649341
1468 10446 21468 43.595019
1469 21468 10446 43.595019
1470 28894 12349 54.216169
1471 12349 23197 18.276816
1472 23197 23676 7.383878
1473 23676 23197 7.383878
1474 23197 12349 18.276816
1475 12349 28894 54.216169
1476 11551 22815 33.501538
1477 22815 11551 33.501538
1478 2800 23094 140.441763
1479 23094 15731 14.523161
1480 15731 13 11.034855
1481 13 10090 160.874541
1482 10090 13 160.874541
1483 13 15731 11.034855
1484 15731 23094 14.523161
1485 23094 2800 140.441763
1486 28051 5642 27.807413
1487 5642 1714 32.464922
1488 1714 18048 22.736257
1489 18048 24678 12.161512
1490 24678 28531 15.662132
1491 28531 23451 25.374045
1492 23451 28846 27.780015
1493 28846 23451 27.780015
1494 23451 28531 25.374045
1495 28531 24678 15.662132
1496 24678 18048 12.161512
1497 18048 1714 22.736257
1498 1714 5642 32.464922
1499 5642 28051 27.807413
1500 23676 14822 16.238428
1501 14822 4465 41.707555
1502 4465 14822 41.707555
1503 14822 23676 16.238428
1504 10090 28726 13.642639
1505 28726 14610 10.152707
1506 14610 19615 24.450515
1507 19615 14610 24.450515
1508 14610 28726 10.152707
1509 28726 10090 13.642639
1510 19615 22798 54.287099
1511 22798 26605 23.134874
1512 26605 5160 76.039160
1513 5160 26605 76.039160
1514 26605 22798 23.134874
1515 22798 19615 54.287099
1516 28051 4465 38.015224
1517 4465 28051 38.015224
1518 7772 2800 30.542626
1519 2800 7772 30.542626
1520 27592 11468 40.088653
1521 11468 28051 26.699848
1522 28051 11468 26.699848
1523 11468 27592 40.088653
1524 27592 13603 28.014057
1525 13603 25035 50.007325
1526 25035 3617 26.254655
1527 3617 7772 21.756748
1528 7772 3617 21.756748
1529 3617 25035 26.254655
1530 25035 13603 50.007325
1531 13603 27592 28.014057
1532 2246 17716 27.236022
1533 17716 2246 27.236022
1534 17716 10555 71.735605
1535 10555 17716 71.735605
1536 10555 15772 50.020118
1537 15772 10555 50.020118
1538 10555 4141 74.427146
1539 4141 10555 74.427146
1540 8246 28510 50.368603
1541 28510 8246 50.368603
1542 4141 28510 20.297425
1543 28510 4141 20.297425
1544 4141 1912 307.620011
1545 1912 4141 307.620011
1546 28510 9405 95.496635
1547 9405 28510 95.496635
1548 1912 4833 115.726479
1549 4833 24714 21.248585
1550 24714 4833 21.248585
1551 4833 1912 115.726479
1552 9405 2315 83.777378
1553 2315 9405 83.777378
1554 2315 25255 94.763363
1555 25255 2315 94.763363
1556 108 2315 192.494032
1557 2315 108 192.494032
1558 8216 1005 350.631238
1559 1005 8216 350.631238
1560 1912 22593 94.605510
1561 22593 1912 94.605510
1562 25255 19793 297.181376
1563 19793 25255 297.181376
1564 25255 8663 92.352819
1565 8663 25255 92.352819
1566 20749 8663 59.421026
1567 8663 20749 59.421026
1568 8663 78 100.537784
1569 78 8663 100.537784
1570 78 108 94.354365
1571 108 78 94.354365
1572 18277 22511 75.077905
1573 22511 18277 75.077905
1574 17204 14783 57.935518
1575 14783 17204 57.935518
1576 25413 11538 24.567075
1577 11538 25413 24.567075
1578 11538 1279 32.299614
1579 1279 11538 32.299614
1580 17204 18277 76.830344
